structure(list(districtcode_vector = c(4412, 2741, 2911, 4552, 
4432, 3372, 4532, 4342, 1122, 2212, 2411, 2721, 3242, 1141, 4222, 
1712, 4252, 3321, 2132, 4352), median_distance = structure(c(2L, 
2L, 2L, 2L, 1L, 1L, 1L, 1L, 2L, 1L, 1L, 2L, 1L, 2L, 1L, 2L, 2L, 
2L, 1L, 1L), .Label = c("0-14min", "15-29min", "30-44min", "45-59min", 
"60+min"), class = "factor"), median_education = structure(c(5L, 
3L, 3L, 3L, 3L, 5L, 4L, 3L, 3L, 6L, 3L, 3L, 4L, 3L, 3L, 6L, 3L, 
3L, 6L, 4L), .Label = c("Below Class-I", "class I", "Class II", 
"Class III", "Class IV", "Class V", "Class VI", "Class VII", 
"Class VIII", "Class IX", "Class X", "Polytechnic Diploma", "F.A/F.Sci/I.com", 
"Bachelors", "Masters", "Degree in Engineering", "Degree in Medicine", 
"Degree in Agriculture", "Degree in Law", "PhD", "Others"), class = "factor"), 
    mean_age = c(19.3738317757009, 21.2389162561576, 19.8715025906736, 
    18.1746987951807, 17.6361031518625, 23.0736961451247, 17.3703703703704, 
    18.5955882352941, 17.063829787234, 24.8785578747628, 20.6962242562929, 
    21.0214564369311, 21.7565789473684, 16.4258503401361, 16.9565217391304, 
    23.6319444444444, 16.4079320113314, 20.6606498194946, 25.6435643564356, 
    22.1176470588235), female_edu = c(0.209302325581395, 0.198445905558876, 
    0.1641689373297, 0.0757575757575758, 0.116071428571429, 0.36676217765043, 
    0.2, 0.314285714285714, 0.147058823529412, 0.472332015810277, 
    0.255294117647059, 0.1721044045677, 0.290816326530612, 0.120430107526882, 
    0, 0.511627906976744, 0.169491525423729, 0.152688172043011, 
    0.477832512315271, 0.263157894736842), immunised_proportion = c(0.12, 
    0.232890704800817, 0.297501892505677, 0.153846153846154, 
    0.260504201680672, 0.135245901639344, 0.0666666666666667, 
    0.805555555555556, 0.2, 0.403726708074534, 0.587078651685393, 
    0.304191616766467, 0.82, 0.191428571428571, 1, 0.795454545454545, 
    0.733333333333333, 0.354223433242507, 0.111111111111111, 
    0), age_squared = c(375.345357673159, 451.091563736077, 394.876615211147, 
    330.319676295544, 311.032134383133, 532.395453797543, 301.729766803841, 
    345.795901816609, 291.174287007696, 618.942641927923, 428.333698466767, 
    441.901630729791, 473.348727493075, 269.808559396548, 287.523629489603, 
    558.468798225309, 269.220232888475, 426.862450963782, 657.592392902657, 
    489.190311418685), residuals_squared = c(`202` = 0.112216855977959, 
    `102` = 0.0970706751254535, `112` = 0.0523500023699297, `217` = 0.10074496967756, 
    `206` = 0.0702797189904807, `151` = 0.186657016675367, `214` = 0.129513990994755, 
    `198` = 0.0292648139993482, `4` = 0.0867565667614768, `55` = 0.0229055516651643, 
    `70` = 0.000678507961322689, `98` = 0.0516729296039456, `135` = 0.108278264576559, 
    `7` = 0.0786592321761373, `183` = 0.293000460779203, `43` = 0.0596735978410367, 
    `189` = 0.0561860023724494, `140` = 0.0281071154911506, `51` = 0.188487590900411, 
    `200` = 0.226053179577125)), row.names = c(202L, 102L, 112L, 
217L, 206L, 151L, 214L, 198L, 4L, 55L, 70L, 98L, 135L, 7L, 183L, 
43L, 189L, 140L, 51L, 200L), class = "data.frame")
